0 3d1b 0
4 3d1f 0
8 5337 0
12 533b 0
16 7d8f 0
20 7d93 0
24 7d97 1
28 7d9b 0
32 7d9f 1
36 7da3 0
40 3c5c 0
44 3c60 0
48 3c64 0
52 3c68 0
56 3c6c 0
60 3c70 0
64 3c74 0
68 3c78 0
72 3c7c 0
76 3c80 0
80 7f50 0
84 7f54 0
88 7f58 0
92 7f5c 1
96 7f60 0
100 7f64 1
104 7f68 0
108 7f6c 0
112 7f70 0
116 7f74 0
120 7f78 0
124 7f7c 0
128 4c61 0
132 4c65 1
136 4c69 0
140 4edd 0
144 4ee1 0
148 4ee5 0
152 4ee9 0
156 4eed 0
160 4ef1 0
164 4ef5 1
168 4ef9 0
172 4efd 0
176 4f01 0
180 3e3a 1
184 3e3e 1
188 14dc 0
192 14e0 1
196 14e4 0
200 14e8 0
204 14ec 0
208 14f0 0
212 14f4 0
216 14f8 0
220 14fc 0
224 1500 0
228 5879 1
232 2d75 0
236 2d79 0
240 2bc9 0
244 2bcd 0
248 2bd1 0
252 2bd5 1
256 2bd9 0
260 3a49 0
264 1c69 1
268 1c6d 0
272 1c71 0
276 1c75 1
280 1c79 0
284 1c7d 0
288 1c81 0
292 1c85 0
296 2fb9 0
300 2fbd 0
304 5c30 0
308 2b19 0
312 2b1d 1
316 2b21 0
320 2b25 0
324 2b29 0
328 2b2d 0
332 2b31 1
336 2b35 0
340 2b39 1
344 2b3d 0
348 2b41 0
352 2b45 0
356 2b49 0
360 2b4d 0
364 2b51 0
368 2b55 0
372 27d4 0
376 27d8 1
380 27dc 0
384 27e0 0
388 27e4 0
392 27e8 1
396 513c 1
400 5140 0
404 5144 0
408 5148 0
412 514c 0
416 45d3 1
420 17af 0
424 17b3 0
428 2506 1
432 250a 0
436 250e 0
440 2512 0
444 2516 1
448 63ae 0
452 1ce0 0
456 1ce4 1
460 1ce8 0
464 1cec 0
468 1cf0 0
472 1cf4 0
476 1cf8 0
480 1cfc 1
484 1d00 0
488 1d04 1
492 ba3 0
496 ba7 0
500 bab 0
504 baf 0
508 bb3 0
512 bb7 0
516 660a 1
520 660e 0
524 24b4 0
528 24b8 1
532 2a0d 0
536 2a11 0
540 2a15 0
544 2a19 1
548 21a3 0
552 21a7 0
556 21ab 0
560 21af 0
564 21b3 0
568 21b7 0
572 21bb 0
576 bcc 0
580 da1 1
584 da5 1
588 3ac8 0
592 3acc 1
596 3ad0 1
600 3ad4 0
604 3ad8 1
608 3adc 0
612 3ae0 1
616 6150 1
620 6154 0
624 6158 0
628 615c 0
632 6160 1
636 6164 0
640 6168 1
644 616c 0
648 6170 0
652 3a95 0
656 3a99 0
660 7b3e 0
664 7b42 1
668 7b46 0
672 1d1a 0
676 1d1e 1
680 37f7 0
684 4741 0
688 4745 0
692 4749 0
696 474d 0
700 4f50 0
704 4f54 1
708 4f58 0
712 4f5c 0
716 4f60 0
720 4f64 0
724 4f68 0
728 4f6c 0
732 4f70 0
736 4f74 1
740 4f78 0
744 4f7c 1
748 4f80 0
752 4f84 0
756 4f88 0
760 4f8c 1
764 4f90 1
768 4f94 0
772 4f98 0
776 4f9c 0
780 4fa0 0
784 4fa4 0
788 66b2 1
792 66b6 0
796 7760 0
800 2193 0
804 2197 0
808 1678 0
812 167c 0
816 1680 0
820 1684 0
824 1688 1
828 168c 0
832 1690 0
836 2b64 1
840 2b68 0
844 2b6c 1
848 2b70 0
852 2b74 1
856 2b78 0
860 2b7c 0
864 2b80 0
868 4e26 0
872 4e2a 0
876 4e2e 0
880 4e32 0
884 4e36 0
888 4e3a 0
892 4e3e 0
896 1e78 0
900 694e 1
904 6952 0
908 6956 0
912 695a 0
916 695e 1
920 6962 0
924 7492 0
928 7496 1
932 749a 0
936 749e 0
940 74a2 0
944 2bae 1
948 2bb2 0
952 2bb6 0
956 2bba 0
960 6081 0
964 6085 0
968 6089 0
972 608d 0
976 6091 0
980 6095 0
984 6099 0
988 609d 0
992 60a1 0
996 60a5 0
1000 60a9 1
1004 60ad 0
1008 60b1 0
1012 60b5 0
1016 60b9 0
1020 60bd 0
1024 602a 0
1028 7a47 0
1032 7a4b 0
1036 7a4f 0
1040 7a53 0
1044 7a57 0
1048 7a5b 0
1052 7a5f 0
1056 7a63 1
1060 4597 0
1064 459b 0
1068 459f 0
1072 45a3 0
1076 45a7 0
1080 45ab 0
1084 54f1 0
1088 54f5 0
1092 54f9 0
1096 54fd 0
1100 5501 1
1104 60d 0
1108 611 0
1112 615 0
1116 619 0
1120 61d 0
1124 621 0
1128 625 0
1132 629 0
1136 62d 0
1140 631 0
1144 635 0
1148 639 1
1152 344f 0
1156 3453 0
1160 1e2 0
1164 197d 0
1168 1981 0
1172 1985 0
1176 2a26 1
1180 2a2a 0
1184 2a2e 0
1188 2a32 0
1192 2a36 0
1196 3b3 0
1200 3650 0
1204 3654 0
1208 3658 0
1212 365c 0
1216 1be3 1
1220 1be7 0
1224 1beb 0
1228 1bef 0
1232 1bf3 0
1236 1aea 0
1240 1aee 0
1244 1af2 1
1248 1af6 0
1252 1afa 1
1256 1afe 1
1260 1b02 0
1264 1b06 0
1268 1b0a 0
1272 1b0e 1
1276 1b12 1
1280 1b16 0
1284 1b1a 1
1288 1b1e 0
1292 1b22 0
1296 1b26 0
1300 1b2a 0
1304 1b2e 0
1308 1b32 1
1312 3738 0
1316 373c 0
1320 3740 0
1324 3744 1
1328 3748 0
1332 374c 0
1336 5c90 0
1340 161e 0
1344 4b3e 0
1348 4b42 1
1352 4b46 0
1356 4b4a 0
1360 4b4e 0
1364 4b52 0
1368 4b56 1
1372 4b5a 1
1376 4b5e 0
1380 4b62 0
1384 4b66 0
1388 4b6a 0
1392 4b6e 1
1396 27a1 0
1400 19f4 0
1404 19f8 0
1408 4ff8 0
1412 4ffc 0
1416 5000 1
1420 5004 1
1424 5008 1
1428 500c 0
1432 5010 0
1436 5014 1
1440 5018 1
1444 1bb4 0
1448 1bb8 0
1452 1bbc 1
1456 1bc0 0
1460 1bc4 0
1464 1bc8 0
1468 1bcc 0
1472 1bd0 0
1476 1bd4 1
1480 1bd8 0
1484 1bdc 0
1488 1be0 0
1492 1be4 0
1496 1be8 0
1500 724 1
1504 728 0
1508 72c 1
1512 730 0
1516 6bca 0
1520 7ade 0
1524 7ae2 0
1528 7ae6 0
1532 7aea 0
1536 44a9 0
1540 44ad 0
1544 44b1 0
1548 44b5 0
1552 2299 0
1556 229d 0
1560 5144 0
1564 5148 0
1568 514c 0
1572 5150 1
1576 5154 0
1580 5158 0
1584 48a0 0
1588 473 0
1592 508f 0
1596 5c5 0
1600 5c9 0
1604 5cd 0
1608 3163 0
1612 3167 0
1616 316b 0
1620 316f 1
1624 3172 0
1628 3176 0
1632 317a 0
1636 317e 0
1640 3182 1
1644 3186 0
1648 318a 0
1652 318e 1
1656 3192 0
1660 28d7 0
1664 6165 0
1668 258b 0
1672 258f 1
1676 6cee 0
1680 6cf2 0
1684 6cf6 0
1688 5e05 0
1692 5e09 0
1696 5e0d 0
1700 5e11 1
1704 5e15 1
1708 a40 0
1712 a44 0
1716 7883 0
1720 7887 0
1724 2a54 0
1728 2a58 0
1732 4832 1
1736 4836 0
1740 483a 0
1744 7a42 0
1748 4f3d 0
1752 3870 0
1756 3874 0
1760 3878 1
1764 387c 0
1768 3880 0
1772 3884 0
1776 3888 0
1780 388c 1
1784 12b7 1
1788 12bb 1
1792 12bf 0
1796 12c3 0
1800 12c7 0
1804 12cb 0
1808 12cf 0
1812 4647 0
1816 464b 0
1820 464f 0
1824 4653 0
1828 4657 0
1832 465b 0
1836 465f 0
1840 4663 0
1844 4667 1
1848 31c4 0
1852 31c8 0
1856 31cc 0
1860 31d0 0
1864 31d4 0
1868 31d8 1
1872 31dc 0
1876 44fd 0
1880 4501 1
1884 4505 0
1888 4509 0
1892 450d 0
1896 70a1 0
1900 70a5 0
1904 70a9 0
1908 70ad 0
1912 70b1 0
1916 70b5 0
1920 70b9 0
1924 70bd 0
1928 70c1 0
1932 70c5 0
1936 3b69 0
1940 3b6d 0
1944 3b71 1
1948 62f0 1
1952 62f4 0
1956 62f8 1
1960 62fc 0
1964 6300 0
1968 6304 0
1972 5124 0
1976 5128 1
1980 512c 1
1984 5130 0
1988 2881 0
1992 3bc8 0
1996 3bcc 0
2000 3bd0 0
2004 3bd4 1
2008 3bd8 1
2012 3bdc 0
2016 3be0 0
2020 3be4 1
2024 3be8 0
2028 3bec 0
2032 3bf0 0
2036 3bf4 1
2040 3bf8 0
2044 3bfc 0
2048 3c00 0
2052 5243 0
2056 5247 1
2060 524b 0
2064 524f 0
2068 5253 1
2072 5257 0
2076 525b 0
2080 525f 0
2084 1ced 0
2088 7d46 0
2092 7d4a 0
2096 7d4e 1
2100 7d52 1
2104 7d56 0
2108 7d5a 0
2112 7d5e 0
2116 7d62 0
2120 7d66 0
2124 1541 0
2128 1545 0
2132 1549 0
2136 154d 0
2140 1551 1
2144 1555 0
2148 1559 0
2152 155d 0
2156 1561 0
2160 1565 0
2164 774a 1
2168 774e 0
2172 7752 1
2176 7756 1
2180 775a 0
2184 775e 0
2188 7762 1
2192 7766 0
2196 776a 0
2200 e3c 0
2204 e40 0
2208 e44 0
2212 e48 1
2216 e4c 0
2220 e50 0
2224 1938 1
2228 193c 1
2232 1940 0
2236 6fc7 0
2240 7589 1
2244 758d 0
2248 4520 0
2252 4524 0
2256 4528 0
2260 452c 1
2264 4530 1
2268 67c7 0
2272 59a3 0
2276 7367 0
2280 75a9 0
2284 75ad 0
2288 36c8 0
2292 36cc 0
2296 36d0 0
2300 36d4 0
2304 3509 0
2308 350d 0
2312 22fb 1
2316 22ff 0
2320 2303 0
2324 2465 0
2328 2469 0
2332 246d 0
2336 72bf 1
2340 72c3 0
2344 72c7 0
2348 2902 0
2352 2906 0
2356 5eb5 0
2360 5eb9 0
2364 5ebd 0
2368 5ec1 0
2372 5ec5 1
2376 23b8 1
2380 23bc 0
2384 fa8 0
2388 fac 1
2392 fb0 0
2396 fb4 0
2400 fb8 0
2404 fbc 0
2408 fc0 0
2412 fc4 0
2416 27e0 0
2420 5910 0
2424 5914 0
2428 5918 0
2432 591c 0
2436 5920 1
2440 5924 0
2444 5928 0
2448 592c 0
2452 7f9d 0
2456 5abc 1
2460 5ac0 0
2464 5ac4 0
2468 5ac8 0
2472 5acc 0
2476 45c3 0
2480 45c7 0
2484 45cb 0
2488 45cf 1
2492 45d3 0
2496 45d7 0
2500 45db 0
2504 45df 1
2508 45e3 0
2512 45e7 0
2516 45eb 0
2520 45ef 1
2524 45f3 0
2528 45f7 0
2532 45fb 0
2536 4f12 1
2540 4f16 0
2544 4f1a 0
2548 4f1e 1
2552 720e 0
2556 7212 0
2560 7216 1
2564 7979 0
2568 797d 0
2572 7981 0
2576 7985 0
2580 7989 0
2584 798d 0
2588 32e0 0
2592 32e4 0
2596 32e8 0
2600 32ec 0
2604 32f0 0
2608 32f4 0
2612 32f8 0
2616 32fc 0
2620 3300 1
2624 3304 0
2628 3308 0
2632 89d 1
2636 8a1 0
2640 7c02 0
2644 7c06 0
2648 7c0a 1
2652 7c0e 0
2656 7c12 0
2660 7c16 0
2664 1c29 0
2668 1c2d 1
2672 1c31 1
2676 1c35 1
2680 1c39 0
2684 1c3d 0
2688 1c41 0
2692 1c45 0
2696 1c49 0
2700 4c1d 0
2704 4c21 0
2708 4c25 0
2712 4c29 0
2716 3b4a 0
2720 7ab6 0
2724 7aba 0
2728 7abe 0
2732 7ac2 0
2736 7ac6 0
2740 7aca 0
2744 7ace 0
2748 7ad2 0
2752 7ad6 1
2756 7ada 0
2760 7ade 0
2764 7ae2 1
2768 7ae6 0
2772 7aea 0
2776 7aee 0
2780 7af2 0
2784 7af6 1
2788 7afa 0
2792 7afe 0
2796 7b02 0
2800 7b06 1
2804 3f6 0
2808 3fa 1
2812 29ec 1
2816 29f0 1
2820 4dd1 0
2824 32c0 0
2828 32c4 0
2832 32c8 1
2836 32cc 0
2840 32d0 1
2844 32d4 0
2848 32d8 0
2852 281e 0
2856 2822 0
2860 2826 0
2864 282a 0
2868 282e 0
2872 2832 0
2876 4025 0
2880 4029 0
2884 402d 0
2888 4031 0
2892 6abf 0
2896 6ac3 0
2900 6ac7 0
2904 6acb 0
2908 6acf 0
2912 540d 0
2916 39a0 1
2920 5a16 0
2924 5a1a 0
2928 5a1e 0
2932 5a22 0
2936 5a26 1
2940 5a2a 0
2944 5a2e 0
2948 5a32 0
2952 229a 1
2956 229e 1
2960 22a2 0
2964 22a6 0
2968 22aa 1
2972 22ae 0
2976 22b2 0
2980 22b6 1
2984 22ba 0
2988 22be 0
2992 22ff 0
2996 2303 0
3000 2307 0
3004 230b 0
3008 64f5 0
3012 64f9 0
3016 64fd 1
3020 6501 1
3024 6505 1
3028 6509 0
3032 650d 1
3036 6511 0
3040 6515 0
3044 1aa1 1
3048 1e38 0
3052 1e3c 0
3056 1e40 0
3060 1e44 0
3064 1e48 0
3068 3de 0
3072 3e2 0
3076 3e6 1
3080 3ea 0
3084 3ee 0
3088 3f2 0
3092 3f6 0
3096 3fa 0
3100 218e 0
3104 2192 0
3108 2196 0
3112 219a 0
3116 219e 0
3120 46ce 1
3124 46d2 0
3128 46d6 0
3132 46da 0
3136 46de 0
3140 46e2 0
3144 46e6 0
3148 2dca 0
3152 2dce 0
3156 2dd2 0
3160 4bd6 0
3164 4bda 0
3168 4bde 0
3172 3010 0
3176 3014 0
3180 3018 1
3184 502d 0
3188 5031 0
3192 5035 0
3196 5039 0
3200 503d 0
3204 6646 0
3208 664a 0
3212 664e 1
3216 6652 0
3220 6656 0
3224 665a 0
3228 665e 0
3232 6662 0
3236 6666 0
3240 666a 0
3244 666e 0
3248 6672 1
3252 6676 0
3256 667a 0
3260 813 0
3264 5e4b 0
3268 5e4f 1
3272 5e53 0
3276 5e57 0
3280 5e5b 0
3284 388f 1
3288 3893 0
3292 3897 0
3296 9b 1
3300 9f 0
3304 3886 1
3308 873 0
3312 877 0
3316 87b 0
3320 87f 0
3324 f27 0
3328 f2b 1
3332 f2f 0
3336 1fbf 0
3340 7cd5 1
3344 7cd9 0
3348 7cdd 1
3352 7ce1 0
3356 7ce5 0
3360 7ce9 1
3364 7ced 0
3368 68b 0
3372 50d5 0
3376 50d9 0
3380 50dd 0
3384 50e1 1
3388 7dea 1
3392 5bc9 0
3396 5bcd 0
3400 5bd1 0
3404 5bd5 0
3408 5bd9 0
3412 5bdd 1
3416 5be1 0
3420 5be5 0
3424 118c 0
3428 1190 0
3432 1194 1
3436 1198 0
3440 119c 0
3444 11a0 0
3448 11a4 0
3452 4cc9 0
3456 4ccd 0
3460 4cd1 0
3464 4cd5 0
3468 4cd9 0
3472 4cdd 0
3476 4ce1 0
3480 4ce5 1
3484 5cc5 0
3488 5cc9 1
3492 5ccd 0
3496 5cd1 0
3500 5cd5 0
3504 5cd9 1
3508 5cdd 0
3512 e94 0
3516 e98 0
3520 e9c 1
3524 ea0 1
3528 23f0 0
3532 23f4 0
3536 23f8 0
3540 23fc 0
3544 2400 0
3548 2404 0
3552 2408 0
3556 765e 0
3560 3c93 1
3564 3c97 1
3568 7b14 0
3572 1af1 0
3576 1af5 0
3580 6e7 0
3584 6eb 0
3588 6ef 0
3592 6f3 0
3596 68ff 0
3600 6903 0
3604 6907 0
3608 690b 0
3612 690f 0
3616 784 0
3620 788 0
3624 78c 0
3628 4dfa 0
3632 4dfe 0
3636 4e02 0
3640 4e06 0
3644 4e0a 0
3648 4e0e 0
3652 4e12 0
3656 4e16 0
3660 4e1a 0
3664 1052 0
3668 1056 0
3672 105a 1
3676 105e 0
3680 1062 0
3684 1066 1
3688 106a 0
3692 106e 0
3696 21df 0
3700 21e3 0
3704 21e7 0
3708 21eb 0
3712 21ef 0
3716 21f3 1
3720 21f7 1
3724 21fb 0
3728 6811 0
3732 6815 0
3736 6819 1
3740 681d 0
3744 6821 1
3748 390c 0
3752 3910 1
3756 3914 1
3760 3918 0
3764 391c 0
3768 3920 0
3772 3924 0
3776 5d70 0
3780 506b 0
3784 506f 0
3788 5073 0
3792 5077 1
3796 3471 0
3800 18ee 1
3804 18f2 0
3808 18f6 0
3812 18fa 0
3816 18fe 0
3820 1902 1
3824 1906 1
3828 190a 1
3832 190e 0
3836 1912 0
3840 1916 1
3844 191a 1
3848 191e 0
3852 1922 0
3856 1926 0
3860 192a 0
3864 192e 0
3868 1932 0
3872 1fa7 0
3876 1fab 0
3880 67fb 1
3884 19b3 0
3888 19b7 0
3892 19bb 0
3896 19bf 0
3900 19c3 1
3904 19c7 1
3908 19cb 0
3912 37b4 0
3916 37b8 0
3920 5c2d 0
3924 5c31 0
3928 2da 0
3932 2de 0
3936 2f69 0
3940 2f6d 0
3944 827 1
3948 82b 0
3952 82f 1
3956 833 0
3960 837 1
3964 83b 0
3968 83f 1
3972 843 0
3976 847 1
3980 84b 0
3984 6afb 1
3988 6aff 0
3992 4db5 0
3996 4db9 0
4000 4dbd 0
4004 4dc1 0
4008 4dc5 1
4012 b14 0
4016 b18 0
4020 b1c 0
4024 b20 0
4028 b24 1
4032 b28 0
4036 b2c 0
4040 1a5 0
4044 1a9 0
4048 1ad 0
4052 1b1 0
4056 1b5 0
4060 1b9 1
4064 7421 0
4068 7425 1
4072 7429 0
4076 742d 0
4080 7431 0
4084 7435 0
4088 2b02 0
4092 2b06 0
4096 2b0a 0
4100 2b0e 1
4104 2b12 0
4108 2b16 0
4112 2b1a 0
4116 6037 0
4120 603b 0
4124 603f 0
4128 6043 0
4132 6047 0
4136 604b 0
4140 73a5 1
4144 71d9 1
4148 71dd 1
4152 71e1 1
4156 71e5 1
4160 71e9 0
4164 71ed 0
4168 71f1 0
4172 71f5 0
4176 660e 0
4180 6612 0
4184 6616 0
4188 661a 0
4192 36b3 0
4196 1ec2 0
4200 928 0
4204 92c 0
4208 930 0
4212 7b0a 0
4216 7b0e 0
4220 7b12 0
4224 3250 1
4228 3254 1
4232 5e7a 0
4236 5e7e 0
4240 5e82 1
4244 5e86 0
4248 5e8a 0
4252 5e8e 1
4256 5e92 0
4260 5e96 1
4264 5e9a 0
4268 6bd0 0
4272 6bd4 0
4276 6bd8 0
4280 6bdc 0
4284 4fe1 0
4288 4fe5 0
4292 4fe9 0
4296 4fed 0
4300 4ff1 1
4304 4ff5 0
4308 4ff9 0
4312 4ffd 0
4316 5001 0
4320 5005 0
4324 5009 0
4328 500d 0
4332 5011 0
4336 5015 1
4340 5019 0
4344 501d 0
4348 6473 0
4352 6477 1
4356 647b 0
4360 647f 0
4364 6483 0
4368 6487 0
4372 648b 1
4376 648f 0
4380 8c6 0
4384 8ca 0
4388 8ce 0
4392 2204 0
4396 2208 0
4400 220c 0
4404 2210 1
4408 2214 0
4412 237d 0
4416 2381 0
4420 2385 0
4424 2389 1
4428 238d 0
4432 2391 0
4436 2395 0
4440 7b35 0
4444 7b39 0
4448 646f 0
4452 6473 0
4456 6477 1
4460 22bd 0
4464 ecb 0
4468 ecf 1
4472 ed3 0
4476 ed7 0
4480 edb 0
4484 edf 0
4488 ee3 0
4492 ee7 1
4496 eeb 0
4500 eef 0
4504 ef3 0
4508 20cb 0
4512 20cf 1
4516 20d3 0
4520 20d7 1
4524 20db 0
4528 20df 0
4532 20e3 0
4536 20e7 1
4540 32f 0
4544 333 0
4548 2a2b 0
4552 2a2f 1
4556 4b19 0
4560 6f5d 0
4564 6f61 0
4568 6f65 0
4572 6f69 1
4576 6f6d 1
4580 6f71 0
4584 6f75 0
4588 c70 0
4592 c74 0
4596 c78 1
4600 1dc3 0
4604 1dc7 0
4608 1dcb 0
4612 1dcf 0
4616 1dd3 1
4620 27a 0
4624 27e 0
4628 282 0
4632 286 0
4636 7607 0
4640 760b 0
4644 760f 0
4648 7613 0
4652 7617 0
4656 761b 0
4660 761f 1
4664 7623 0
4668 7627 0
4672 762b 0
4676 35e6 1
4680 35ea 0
4684 79c6 1
4688 79ca 0
4692 79ce 1
4696 79d2 0
4700 10e8 0
4704 10ec 0
4708 10f0 1
4712 585f 0
4716 5863 0
4720 5867 1
4724 586b 0
4728 586f 0
4732 5873 1
4736 5877 1
4740 587b 0
4744 587f 0
4748 5883 1
4752 706a 1
4756 1211 0
4760 1215 0
4764 1219 0
4768 121d 0
4772 1221 0
4776 697f 0
4780 6983 0
4784 6987 0
4788 698b 0
4792 698f 0
4796 6993 0
4800 6997 0
4804 441e 1
4808 4422 1
4812 4426 1
4816 442a 0
4820 2fb9 0
4824 2fbd 1
4828 2fc1 0
4832 2fc5 0
4836 7303 0
4840 7307 0
4844 730b 0
4848 730f 1
4852 7313 0
4856 2ad9 0
4860 2add 0
4864 2ae1 0
4868 2ae5 1
4872 2ae9 1
4876 2aed 0
4880 69dc 1
4884 69e0 0
4888 69e4 0
4892 69e8 1
4896 69ec 0
4900 69f0 0
4904 489c 0
4908 48a0 0
4912 48a4 0
4916 48a8 0
4920 48ac 0
4924 48b0 0
4928 48b4 0
4932 48b8 0
4936 388 1
4940 38c 0
4944 390 0
4948 394 0
4952 398 0
4956 39c 0
4960 3a0 1
4964 3a4 1
4968 3a8 1
4972 3ac 0
4976 3b0 0
4980 3b4 0
4984 3b8 0
4988 1913 0
4992 1917 0
4996 191b 0
